0,278
0,318
0,317
0,316
26,4
26,3
26,2
0,283
0,243
26,1
26,0
25,4
25,3
25,2
25,1
25,0
17,2
17,1
17,3
15,2
15,1
15,3
16,2
16,1
16,3
13,2
14,2
4,26
4,25
4,4
4,66
4,27
4,72
4,31
4,11
4,35
4,81
4,1
4,19
4,2
4,3
6,4
6,1
6,5
6,2
6,3
7,8
7,7
7,4
7,5
7,11
7,6
7,1
7,9
7,2
7,3
5,4
5,2
5,1
5,3
24,35
3,2
3,1
3,3
10,264
10,228
10,178
10,208
10,268
10,212
10,154
12,2
12,1
12,3
20,2
20,1
20,3
19,2
19,1
19,3
18,1
18,3
14,1
14,3
13,1
13,3
2,2
2,1
2,3
11,29
11,28
11,27
11,26
11,25
11,24
11,23
11,22
11,21
11,20
11,19
11,18
11,17
11,16
11,15
11,14
11,13
11,12
11,11
11,10
11,9
11,8
